in[0] = 38.4084, out[0] = 1475.2
in[1] = 43.0962, out[1] = 1857.28
in[2] = 0.477598, out[2] = 0.228099
in[3] = 33.1129, out[3] = 1096.46
in[4] = 14.89, out[4] = 221.713

Success! Computed squares using shared memory.
